Paraz_score	AA_pos	Gene	MTR_score
0.62	1	SATB2	0.367
-0.27	2	SATB2	0.373
-0.72	3	SATB2	0.369
-2.05	4	SATB2	0.371
-0.27	5	SATB2	0.367
0.62	6	SATB2	0.338
-0.72	7	SATB2	0.412
-0.72	8	SATB2	0.414
-1.16	9	SATB2	0.445
-1.16	10	SATB2	0.447
-0.27	11	SATB2	0.505
-0.27	12	SATB2	0.526
-2.49	13	SATB2	0.611
-1.16	14	SATB2	0.613
-0.27	15	SATB2	0.61
-1.6	16	SATB2	0.582
-1.6	17	SATB2	0.62
-0.27	18	SATB2	0.661
-1.16	19	SATB2	0.724
-1.6	20	SATB2	0.714
-1.16	21	SATB2	0.745
0.62	22	SATB2	0.714
-1.16	23	SATB2	0.721
0.62	24	SATB2	0.779
0.62	25	SATB2	0.786
-4.27	26	SATB2	0.835
0.62	27	SATB2	0.873
0.62	28	SATB2	0.904
-0.72	29	SATB2	0.913
0.62	30	SATB2	0.959
-0.27	31	SATB2	1.015
0.62	32	SATB2	0.989
0.62	33	SATB2	0.995
0.62	34	SATB2	1.004
0.62	35	SATB2	0.909
0.62	36	SATB2	0.939
0.62	37	SATB2	0.983
0.62	38	SATB2	0.965
0.62	39	SATB2	0.965
0.62	40	SATB2	1.043
-0.27	41	SATB2	1.045
0.62	42	SATB2	0.975
-4.27	43	SATB2	0.902
0.62	44	SATB2	0.863
0.62	45	SATB2	0.859
0.62	46	SATB2	0.823
-1.6	47	SATB2	0.866
-1.16	48	SATB2	0.786
-0.72	49	SATB2	0.788
-1.16	50	SATB2	0.772
-0.72	51	SATB2	0.807
0.62	52	SATB2	0.74
0.62	53	SATB2	0.741
-0.72	54	SATB2	0.732
-1.6	55	SATB2	0.671
0.62	56	SATB2	0.7
0.62	57	SATB2	0.757
-1.6	58	SATB2	0.703
0.62	59	SATB2	0.674
0.17	60	SATB2	0.691
0.62	61	SATB2	0.684
0.62	62	SATB2	0.681
0.62	63	SATB2	0.717
0.62	64	SATB2	0.699
0.62	65	SATB2	0.693
0.62	66	SATB2	0.708
0.62	67	SATB2	0.646
-1.6	68	SATB2	0.622
-1.16	69	SATB2	0.622
-0.27	70	SATB2	0.622
-1.16	71	SATB2	0.571
-0.72	72	SATB2	0.571
0.17	73	SATB2	0.611
0.62	74	SATB2	0.642
0.62	75	SATB2	0.627
0.62	76	SATB2	0.614
-0.72	77	SATB2	0.665
-0.27	78	SATB2	0.658
0.62	79	SATB2	0.658
0.62	80	SATB2	0.658
0.62	81	SATB2	0.662
0.62	82	SATB2	0.645
0.62	83	SATB2	0.663
0.62	84	SATB2	0.669
0.62	85	SATB2	0.672
0.62	86	SATB2	0.659
0.62	87	SATB2	0.593
0.62	88	SATB2	0.507
0.62	89	SATB2	0.525
0.62	90	SATB2	0.529
-0.72	91	SATB2	0.477
0.62	92	SATB2	0.466
0.62	93	SATB2	0.452
-0.27	94	SATB2	0.391
0.62	95	SATB2	0.395
0.62	96	SATB2	0.403
-0.27	97	SATB2	0.42
0.62	98	SATB2	0.426
-1.16	99	SATB2	0.43
0.62	100	SATB2	0.411
0.62	101	SATB2	0.397
0.62	102	SATB2	0.408
-0.72	103	SATB2	0.406
0.62	104	SATB2	0.338
0.62	105	SATB2	0.298
0.62	106	SATB2	0.301
0.62	107	SATB2	0.359
0.62	108	SATB2	0.259
0.62	109	SATB2	0.247
0.62	110	SATB2	0.262
0.62	111	SATB2	0.252
0.62	112	SATB2	0.276
0.62	113	SATB2	0.276
0.62	114	SATB2	0.265
-1.16	115	SATB2	0.293
0.62	116	SATB2	0.263
0.17	117	SATB2	0.285
0.62	118	SATB2	0.269
-1.16	119	SATB2	0.269
-0.27	120	SATB2	0.255
0.62	121	SATB2	0.241
-0.27	122	SATB2	0.291
0.62	123	SATB2	0.304
0.62	124	SATB2	0.321
0.62	125	SATB2	0.31
-0.27	126	SATB2	0.352
0.62	127	SATB2	0.423
0.62	128	SATB2	0.39
0.62	129	SATB2	0.39
0.62	130	SATB2	0.441
0.62	131	SATB2	0.427
0.62	132	SATB2	0.441
0.62	133	SATB2	0.421
0.62	134	SATB2	0.458
0.62	135	SATB2	0.462
0.62	136	SATB2	0.492
0.62	137	SATB2	0.472
0.62	138	SATB2	0.439
0.62	139	SATB2	0.442
0.62	140	SATB2	0.46
0.62	141	SATB2	0.459
0.62	142	SATB2	0.473
0.62	143	SATB2	0.473
0.62	144	SATB2	0.469
0.62	145	SATB2	0.497
0.62	146	SATB2	0.522
0.62	147	SATB2	0.52
0.62	148	SATB2	0.515
0.62	149	SATB2	0.515
0.62	150	SATB2	0.54
0.62	151	SATB2	0.604
0.62	152	SATB2	0.648
0.62	153	SATB2	0.642
0.62	154	SATB2	0.637
0.62	155	SATB2	0.629
0.62	156	SATB2	0.664
-1.6	157	SATB2	0.623
0.62	158	SATB2	0.486
0.62	159	SATB2	0.571
-1.16	160	SATB2	0.576
0.62	161	SATB2	0.582
0.62	162	SATB2	0.634
0.62	163	SATB2	0.639
0.62	164	SATB2	0.644
0.62	165	SATB2	0.532
0.62	166	SATB2	0.486
-1.16	167	SATB2	0.391
0.62	168	SATB2	0.425
0.62	169	SATB2	0.393
0.62	170	SATB2	0.391
-0.27	171	SATB2	0.389
0.62	172	SATB2	0.386
-1.16	173	SATB2	0.386
0.62	174	SATB2	0.386
0.62	175	SATB2	0.422
0.62	176	SATB2	0.472
0.62	177	SATB2	0.424
0.62	178	SATB2	0.421
0.62	179	SATB2	0.421
0.62	180	SATB2	0.396
-0.27	181	SATB2	0.397
0.62	182	SATB2	0.374
0.62	183	SATB2	0.318
0.62	184	SATB2	0.318
-0.27	185	SATB2	0.317
0.62	186	SATB2	0.317
0.62	187	SATB2	0.318
0.62	188	SATB2	0.322
0.62	189	SATB2	0.343
-0.27	190	SATB2	0.342
0.62	191	SATB2	0.32
0.62	192	SATB2	0.254
0.62	193	SATB2	0.195
0.62	194	SATB2	0.195
0.62	195	SATB2	0.211
0.62	196	SATB2	0.23
0.62	197	SATB2	0.232
0.62	198	SATB2	0.251
0.62	199	SATB2	0.251
0.62	200	SATB2	0.282
0.62	201	SATB2	0.256
0.62	202	SATB2	0.355
0.62	203	SATB2	0.355
0.62	204	SATB2	0.355
0.62	205	SATB2	0.355
0.62	206	SATB2	0.287
0.62	207	SATB2	0.16
0.62	208	SATB2	0.16
0.62	209	SATB2	0.161
0.62	210	SATB2	0.161
0.62	211	SATB2	0.161
0.62	212	SATB2	0.142
0.62	213	SATB2	0.158
0.62	214	SATB2	0.179
0.62	215	SATB2	0.313
0.62	216	SATB2	0.279
-1.16	217	SATB2	0.38
0.62	218	SATB2	0.379
0.62	219	SATB2	0.378
0.62	220	SATB2	0.454
0.62	221	SATB2	0.455
0.62	222	SATB2	0.568
0.62	223	SATB2	0.569
0.62	224	SATB2	0.636
0.62	225	SATB2	0.678
0.62	226	SATB2	0.671
0.62	227	SATB2	0.676
-0.27	228	SATB2	0.726
-0.27	229	SATB2	0.847
0.62	230	SATB2	0.84
0.62	231	SATB2	0.857
-1.6	232	SATB2	0.88
0.62	233	SATB2	0.884
-2.05	234	SATB2	0.892
-1.6	235	SATB2	0.892
-1.6	236	SATB2	0.872
0.62	237	SATB2	0.858
0.62	238	SATB2	0.89
-1.6	239	SATB2	0.882
-0.27	240	SATB2	0.883
-0.27	241	SATB2	0.857
0.62	242	SATB2	0.923
0.62	243	SATB2	0.98
-0.27	244	SATB2	0.943
-4.27	245	SATB2	0.942
-4.27	246	SATB2	0.942
-4.27	247	SATB2	0.988
0.62	248	SATB2	0.92
-0.72	249	SATB2	0.899
0.62	250	SATB2	0.868
-0.72	251	SATB2	0.839
-1.16	252	SATB2	0.842
-0.72	253	SATB2	0.79
-2.05	254	SATB2	0.79
-2.05	255	SATB2	0.761
-1.16	256	SATB2	0.698
0.62	257	SATB2	0.708
-0.27	258	SATB2	0.701
-1.16	259	SATB2	0.693
0.62	260	SATB2	0.671
-1.16	261	SATB2	0.673
-1.16	262	SATB2	0.648
-1.6	263	SATB2	0.668
-1.6	264	SATB2	0.682
0.62	265	SATB2	0.682
-1.6	266	SATB2	0.73
0.62	267	SATB2	0.726
-1.16	268	SATB2	0.758
0.62	269	SATB2	0.719
0.62	270	SATB2	0.72
-1.16	271	SATB2	0.716
0.62	272	SATB2	0.737
-2.49	273	SATB2	0.718
-0.72	274	SATB2	0.659
0.62	275	SATB2	0.659
0.17	276	SATB2	0.665
-2.49	277	SATB2	0.659
0.62	278	SATB2	0.692
-0.72	279	SATB2	0.735
-0.27	280	SATB2	0.731
-1.16	281	SATB2	0.758
-0.27	282	SATB2	0.774
0.62	283	SATB2	0.745
0.17	284	SATB2	0.782
-1.16	285	SATB2	0.758
-0.27	286	SATB2	0.758
0.62	287	SATB2	0.788
-1.16	288	SATB2	0.781
0.62	289	SATB2	0.788
-1.6	290	SATB2	0.759
-4.27	291	SATB2	0.743
-4.27	292	SATB2	0.747
-4.27	293	SATB2	0.75
-4.27	294	SATB2	0.727
0.62	295	SATB2	0.672
0.62	296	SATB2	0.668
0.62	297	SATB2	0.573
-0.27	298	SATB2	0.557
0.62	299	SATB2	0.485
-0.72	300	SATB2	0.485
-1.16	301	SATB2	0.491
0.17	302	SATB2	0.468
0.62	303	SATB2	0.438
0.62	304	SATB2	0.326
0.62	305	SATB2	0.432
0.62	306	SATB2	0.473
0.62	307	SATB2	0.4
-1.16	308	SATB2	0.467
0.62	309	SATB2	0.328
0.62	310	SATB2	0.41
0.17	311	SATB2	0.41
-0.72	312	SATB2	0.412
0.62	313	SATB2	0.412
0.62	314	SATB2	0.51
-1.6	315	SATB2	0.505
0.62	316	SATB2	0.542
0.17	317	SATB2	0.505
0.62	318	SATB2	0.601
0.62	319	SATB2	0.701
0.62	320	SATB2	0.736
-1.16	321	SATB2	0.735
0.62	322	SATB2	0.729
0.62	323	SATB2	0.722
-0.27	324	SATB2	0.719
0.62	325	SATB2	0.729
0.62	326	SATB2	0.728
0.62	327	SATB2	0.724
0.62	328	SATB2	0.773
-1.6	329	SATB2	0.816
-4.27	330	SATB2	0.841
-4.27	331	SATB2	0.849
-4.27	332	SATB2	0.868
0.62	333	SATB2	0.872
-0.72	334	SATB2	0.88
0.17	335	SATB2	0.834
0.62	336	SATB2	0.814
0.62	337	SATB2	0.811
0.62	338	SATB2	0.859
-0.27	339	SATB2	0.768
0.62	340	SATB2	0.796
0.62	341	SATB2	0.734
0.62	342	SATB2	0.764
0.62	343	SATB2	0.788
0.62	344	SATB2	0.782
-0.27	345	SATB2	0.789
-1.16	346	SATB2	0.796
0.62	347	SATB2	0.829
-0.72	348	SATB2	0.821
-0.72	349	SATB2	0.761
0.62	350	SATB2	0.661
0.62	351	SATB2	0.593
-0.72	352	SATB2	0.625
-1.16	353	SATB2	0.63
-1.16	354	SATB2	0.633
-0.27	355	SATB2	0.668
-0.27	356	SATB2	0.628
-0.27	357	SATB2	0.637
-1.16	358	SATB2	0.638
0.62	359	SATB2	0.606
0.62	360	SATB2	0.571
0.62	361	SATB2	0.531
-1.16	362	SATB2	0.531
-0.27	363	SATB2	0.491
0.62	364	SATB2	0.486
0.62	365	SATB2	0.44
0.62	366	SATB2	0.466
-0.72	367	SATB2	0.462
0.62	368	SATB2	0.466
0.62	369	SATB2	0.488
0.62	370	SATB2	0.468
0.62	371	SATB2	0.472
0.62	372	SATB2	0.468
0.62	373	SATB2	0.437
0.62	374	SATB2	0.35
0.62	375	SATB2	0.389
-0.72	376	SATB2	0.328
-0.27	377	SATB2	0.309
0.62	378	SATB2	0.231
0.62	379	SATB2	0.247
0.62	380	SATB2	0.265
0.62	381	SATB2	0.283
0.62	382	SATB2	0.379
0.62	383	SATB2	0.384
0.62	384	SATB2	0.384
0.62	385	SATB2	0.382
0.62	386	SATB2	0.309
0.62	387	SATB2	0.335
0.62	388	SATB2	0.406
0.62	389	SATB2	0.444
0.62	390	SATB2	0.588
0.62	391	SATB2	0.588
0.62	392	SATB2	0.594
0.62	393	SATB2	0.594
0.62	394	SATB2	0.589
0.62	395	SATB2	0.594
0.62	396	SATB2	0.679
0.62	397	SATB2	0.637
0.62	398	SATB2	0.604
0.62	399	SATB2	0.597
0.62	400	SATB2	0.603
0.62	401	SATB2	0.645
0.62	402	SATB2	0.6
0.62	403	SATB2	0.597
0.62	404	SATB2	0.562
-0.27	405	SATB2	0.591
0.62	406	SATB2	0.574
0.62	407	SATB2	0.579
0.62	408	SATB2	0.616
0.62	409	SATB2	0.673
0.62	410	SATB2	0.728
0.62	411	SATB2	0.715
0.62	412	SATB2	0.76
0.62	413	SATB2	0.673
0.62	414	SATB2	0.674
0.62	415	SATB2	0.667
0.62	416	SATB2	0.748
0.62	417	SATB2	0.751
0.62	418	SATB2	0.712
0.62	419	SATB2	0.642
0.62	420	SATB2	0.631
0.62	421	SATB2	0.529
0.62	422	SATB2	0.494
-0.27	423	SATB2	0.522
0.62	424	SATB2	0.574
0.62	425	SATB2	0.583
0.62	426	SATB2	0.612
-0.72	427	SATB2	0.606
0.62	428	SATB2	0.67
0.62	429	SATB2	0.694
0.62	430	SATB2	0.637
0.62	431	SATB2	0.628
0.62	432	SATB2	0.679
0.62	433	SATB2	0.679
0.62	434	SATB2	0.713
0.62	435	SATB2	0.743
0.62	436	SATB2	0.75
0.62	437	SATB2	0.757
0.62	438	SATB2	0.75
0.62	439	SATB2	0.771
0.62	440	SATB2	0.768
-0.27	441	SATB2	0.739
0.62	442	SATB2	0.755
-1.16	443	SATB2	0.73
-1.16	444	SATB2	0.778
-1.6	445	SATB2	0.785
-0.72	446	SATB2	0.813
0.62	447	SATB2	0.763
-0.72	448	SATB2	0.789
-1.16	449	SATB2	0.824
-0.72	450	SATB2	0.871
-1.16	451	SATB2	0.88
-2.05	452	SATB2	0.852
-2.05	453	SATB2	0.908
0.62	454	SATB2	0.827
-0.72	455	SATB2	0.823
-1.16	456	SATB2	0.806
-1.16	457	SATB2	0.835
0.62	458	SATB2	0.844
0.62	459	SATB2	0.856
-0.72	460	SATB2	0.869
0.62	461	SATB2	0.915
0.62	462	SATB2	0.9
-0.72	463	SATB2	0.871
0.62	464	SATB2	0.86
0.62	465	SATB2	0.867
-0.72	466	SATB2	0.872
0.62	467	SATB2	0.853
-1.6	468	SATB2	0.862
-1.16	469	SATB2	0.847
0.62	470	SATB2	0.841
-0.27	471	SATB2	0.841
-2.05	472	SATB2	0.86
-0.72	473	SATB2	0.831
-1.16	474	SATB2	0.802
0.62	475	SATB2	0.817
-1.16	476	SATB2	0.807
-0.27	477	SATB2	0.786
-1.16	478	SATB2	0.786
-1.16	479	SATB2	0.744
0.17	480	SATB2	0.739
-0.27	481	SATB2	0.733
0.62	482	SATB2	0.697
0.62	483	SATB2	0.718
0.17	484	SATB2	0.679
0.62	485	SATB2	0.728
-0.72	486	SATB2	0.708
0.62	487	SATB2	0.736
0.62	488	SATB2	0.663
0.62	489	SATB2	0.64
0.62	490	SATB2	0.584
0.62	491	SATB2	0.589
0.62	492	SATB2	0.579
0.62	493	SATB2	0.579
0.62	494	SATB2	0.572
0.62	495	SATB2	0.53
0.62	496	SATB2	0.429
0.62	497	SATB2	0.427
0.62	498	SATB2	0.366
0.62	499	SATB2	0.295
0.62	500	SATB2	0.319
0.62	501	SATB2	0.315
0.62	502	SATB2	0.272
0.62	503	SATB2	0.194
0.62	504	SATB2	0.21
0.62	505	SATB2	0.233
0.62	506	SATB2	0.117
0.62	507	SATB2	0.118
0.62	508	SATB2	0.118
0.62	509	SATB2	0.108
0.62	510	SATB2	0.118
0.17	511	SATB2	0.118
0.62	512	SATB2	0.119
0.62	513	SATB2	0.119
0.62	514	SATB2	0.119
0.62	515	SATB2	0.119
0.62	516	SATB2	0.129
0.62	517	SATB2	0.235
0.62	518	SATB2	0.237
0.62	519	SATB2	0.26
0.62	520	SATB2	0.284
0.62	521	SATB2	0.285
0.62	522	SATB2	0.254
0.62	523	SATB2	0.233
0.62	524	SATB2	0.317
0.62	525	SATB2	0.391
-0.72	526	SATB2	0.421
0.62	527	SATB2	0.491
0.62	528	SATB2	0.6
0.62	529	SATB2	0.643
0.62	530	SATB2	0.652
0.62	531	SATB2	0.646
0.62	532	SATB2	0.654
0.62	533	SATB2	0.743
0.62	534	SATB2	0.781
0.62	535	SATB2	0.812
0.62	536	SATB2	0.801
0.62	537	SATB2	0.766
0.62	538	SATB2	0.758
-1.16	539	SATB2	0.8
-1.16	540	SATB2	0.883
0.62	541	SATB2	0.884
0.62	542	SATB2	0.858
0.62	543	SATB2	0.851
0.62	544	SATB2	0.902
0.62	545	SATB2	0.904
-0.27	546	SATB2	0.907
0.62	547	SATB2	0.907
0.62	548	SATB2	0.875
0.62	549	SATB2	0.867
-2.94	550	SATB2	0.833
0.62	551	SATB2	0.858
0.62	552	SATB2	0.885
0.62	553	SATB2	0.972
-0.72	554	SATB2	1.01
0.62	555	SATB2	0.963
0.62	556	SATB2	0.976
0.62	557	SATB2	0.939
-0.72	558	SATB2	0.918
0.62	559	SATB2	0.864
0.62	560	SATB2	0.888
-1.16	561	SATB2	0.878
0.62	562	SATB2	0.879
0.62	563	SATB2	0.874
0.62	564	SATB2	0.861
-0.72	565	SATB2	0.847
-0.27	566	SATB2	0.84
0.62	567	SATB2	0.848
-1.16	568	SATB2	0.844
-1.16	569	SATB2	0.848
0.62	570	SATB2	0.825
-0.27	571	SATB2	0.805
-0.27	572	SATB2	0.779
-1.6	573	SATB2	0.76
-0.27	574	SATB2	0.767
0.62	575	SATB2	0.743
-1.16	576	SATB2	0.736
0.62	577	SATB2	0.706
-1.16	578	SATB2	0.701
-0.27	579	SATB2	0.684
0.62	580	SATB2	0.69
-1.6	581	SATB2	0.7
-1.6	582	SATB2	0.657
-2.49	583	SATB2	0.627
-2.05	584	SATB2	0.546
0.62	585	SATB2	0.539
0.62	586	SATB2	0.534
-0.72	587	SATB2	0.481
0.62	588	SATB2	0.501
-1.16	589	SATB2	0.466
-1.6	590	SATB2	0.449
-1.16	591	SATB2	0.449
-0.72	592	SATB2	0.393
-0.72	593	SATB2	0.393
-0.72	594	SATB2	0.303
-1.16	595	SATB2	0.344
-1.16	596	SATB2	0.344
-0.72	597	SATB2	0.344
-0.72	598	SATB2	0.341
-0.72	599	SATB2	0.342
0.62	600	SATB2	0.384
0.62	601	SATB2	0.373
0.62	602	SATB2	0.384
0.62	603	SATB2	0.464
0.62	604	SATB2	0.497
-1.16	605	SATB2	0.493
0.62	606	SATB2	0.491
-0.27	607	SATB2	0.506
-0.27	608	SATB2	0.509
-0.27	609	SATB2	0.499
-1.6	610	SATB2	0.499
-0.72	611	SATB2	0.501
-2.49	612	SATB2	0.501
-1.16	613	SATB2	0.518
0.62	614	SATB2	0.523
-0.72	615	SATB2	0.523
0.62	616	SATB2	0.524
-1.16	617	SATB2	0.519
0.62	618	SATB2	0.504
0.62	619	SATB2	0.532
0.62	620	SATB2	0.573
0.62	621	SATB2	0.573
0.62	622	SATB2	0.555
-0.27	623	SATB2	0.529
0.62	624	SATB2	0.53
0.62	625	SATB2	0.563
0.62	626	SATB2	0.551
0.62	627	SATB2	0.551
0.62	628	SATB2	0.546
0.62	629	SATB2	0.551
0.62	630	SATB2	0.553
0.62	631	SATB2	0.517
0.62	632	SATB2	0.515
0.62	633	SATB2	0.529
-1.6	634	SATB2	0.379
0.62	635	SATB2	0.331
0.62	636	SATB2	0.331
0.62	637	SATB2	0.365
0.62	638	SATB2	0.294
0.62	639	SATB2	0.332
0.62	640	SATB2	0.335
0.62	641	SATB2	0.38
-0.72	642	SATB2	0.374
0.62	643	SATB2	0.374
0.62	644	SATB2	0.374
0.62	645	SATB2	0.372
-1.6	646	SATB2	0.372
0.62	647	SATB2	0.372
0.62	648	SATB2	0.372
0.62	649	SATB2	0.487
0.62	650	SATB2	0.325
0.62	651	SATB2	0.325
0.62	652	SATB2	0.29
0.62	653	SATB2	0.288
0.62	654	SATB2	0.284
0.62	655	SATB2	0.351
0.62	656	SATB2	0.348
-0.72	657	SATB2	0.348
0.62	658	SATB2	0.319
0.62	659	SATB2	0.396
0.62	660	SATB2	0.364
0.62	661	SATB2	0.396
0.62	662	SATB2	0.429
0.62	663	SATB2	0.548
0.62	664	SATB2	0.554
0.62	665	SATB2	0.635
0.62	666	SATB2	0.635
0.62	667	SATB2	0.603
0.62	668	SATB2	0.579
-0.72	669	SATB2	0.56
-0.27	670	SATB2	0.531
0.62	671	SATB2	0.561
0.62	672	SATB2	0.544
0.62	673	SATB2	0.545
0.62	674	SATB2	0.54
0.62	675	SATB2	0.538
0.62	676	SATB2	0.516
0.62	677	SATB2	0.516
-0.27	678	SATB2	0.517
-2.05	679	SATB2	0.472
-2.05	680	SATB2	0.45
0.62	681	SATB2	0.439
-2.05	682	SATB2	0.439
-2.49	683	SATB2	0.453
0.62	684	SATB2	0.452
0.62	685	SATB2	0.469
0.62	686	SATB2	0.433
0.62	687	SATB2	0.448
0.62	688	SATB2	0.461
0.62	689	SATB2	0.477
0.62	690	SATB2	0.473
-0.27	691	SATB2	0.503
0.62	692	SATB2	0.518
0.62	693	SATB2	0.518
0.62	694	SATB2	0.485
0.62	695	SATB2	0.499
-1.6	696	SATB2	0.466
-0.27	697	SATB2	0.512
-2.05	698	SATB2	0.529
0.62	699	SATB2	0.529
0.62	700	SATB2	0.529
-0.27	701	SATB2	0.551
-2.05	702	SATB2	0.525
-0.72	703	SATB2	0.568
-0.27	704	SATB2	0.567
-1.16	705	SATB2	0.596
-1.16	706	SATB2	0.618
-0.27	707	SATB2	0.663
-1.16	708	SATB2	0.682
-1.16	709	SATB2	0.734
-0.27	710	SATB2	0.834
-0.27	711	SATB2	0.817
-2.05	712	SATB2	0.881
0.62	713	SATB2	0.893
-1.16	714	SATB2	0.893
-1.16	715	SATB2	0.913
0.62	716	SATB2	0.912
0.62	717	SATB2	0.945
0.62	718	SATB2	0.968
-0.27	719	SATB2	0.991
-0.72	720	SATB2	0.994
-0.27	721	SATB2	0.99
-2.05	722	SATB2	1.006
-0.27	723	SATB2	1.053
-1.6	724	SATB2	1.05
-2.05	725	SATB2	1.053
-1.16	726	SATB2	1.058
-0.72	727	SATB2	1.061
-1.16	728	SATB2	1.049
-0.27	729	SATB2	1.04
0.17	730	SATB2	1.045
-1.6	731	SATB2	1.08
-1.16	732	SATB2	1.085
-4.27	733	SATB2	1.135
