AA_pos	spec_aln_pos	pscount	gscount	Gene	in_ps	in_gs	out_ps	out_gs	pvalue	odds	selected_pos	per
1	1	1	0	SATB2	2	0	291	198	0.5177355667317843	13.618237710747753	1	neutral
2	2	0	0	SATB2	2	1	291	197	0.5177355667317843	13.618237710747753	0	neutral
3	3	0	0	SATB2	3	1	290	197	0.5177355667317843	13.618237710747753	0	neutral
4	4	1	0	SATB2	3	1	290	197	0.5177355667317843	13.618237710747753	0	neutral
5	5	0	0	SATB2	3	2	290	196	1	1.0137653574776808	1	neutral
6	6	0	1	SATB2	2	2	291	196	1	1.0137653574776808	0	neutral
7	7	1	0	SATB2	2	2	291	196	1	1.0137653574776808	0	neutral
8	8	0	0	SATB2	2	2	291	196	1	1.0137653574776808	0	neutral
9	9	0	1	SATB2	1	2	292	196	1	1.0137653574776808	0	neutral
10	10	0	0	SATB2	1	2	292	196	0.5680330843119049	0.33637064331481703	1	neutral
11	11	0	0	SATB2	1	1	292	197	0.5680330843119049	0.33637064331481703	0	neutral
12	12	0	0	SATB2	0	2	293	196	0.5680330843119049	0.33637064331481703	0	neutral
13	13	0	0	SATB2	0	2	293	196	0.5680330843119049	0.33637064331481703	0	neutral
14	14	0	0	SATB2	0	1	293	197	0.5680330843119049	0.33637064331481703	0	neutral
15	15	0	0	SATB2	0	1	293	197	0.4032586558044805	0	1	neutral
16	16	0	1	SATB2	0	1	293	197	0.4032586558044805	0	0	neutral
17	17	0	0	SATB2	0	1	293	197	0.4032586558044805	0	0	neutral
18	18	0	0	SATB2	0	2	293	196	0.4032586558044805	0	0	neutral
19	19	0	0	SATB2	0	2	293	196	0.4032586558044805	0	0	neutral
20	20	0	0	SATB2	0	3	293	195	0.06498319443229662	0	1	neutral
21	21	0	0	SATB2	0	2	293	196	0.06498319443229662	0	0	neutral
22	22	0	1	SATB2	1	3	292	195	0.06498319443229662	0	0	neutral
23	23	0	0	SATB2	1	3	292	195	0.06498319443229662	0	0	neutral
24	24	0	1	SATB2	2	5	291	193	0.06498319443229662	0	0	neutral
25	25	0	0	SATB2	2	5	291	193	0.12401346427420148	0.26600648395030085	1	neutral
26	26	1	1	SATB2	2	5	291	193	0.12401346427420148	0.26600648395030085	0	neutral
27	27	0	0	SATB2	3	4	290	194	0.12401346427420148	0.26600648395030085	0	neutral
28	28	1	2	SATB2	3	5	290	193	0.12401346427420148	0.26600648395030085	0	neutral
29	29	0	0	SATB2	3	5	290	193	0.12401346427420148	0.26600648395030085	0	neutral
30	30	0	0	SATB2	3	5	290	193	0.2779632992165652	0.4000731923199748	1	neutral
31	31	1	0	SATB2	2	4	291	194	0.2779632992165652	0.4000731923199748	0	neutral
32	32	0	1	SATB2	2	5	291	193	0.2779632992165652	0.4000731923199748	0	neutral
33	33	0	1	SATB2	1	3	292	195	0.2779632992165652	0.4000731923199748	0	neutral
34	34	0	0	SATB2	1	3	292	195	0.2779632992165652	0.4000731923199748	0	neutral
35	35	0	0	SATB2	1	4	292	194	0.16308560928878563	0.16666123274065378	1	neutral
36	36	0	1	SATB2	0	4	293	194	0.16308560928878563	0.16666123274065378	0	neutral
37	37	0	0	SATB2	0	4	293	194	0.16308560928878563	0.16666123274065378	0	neutral
38	38	0	0	SATB2	1	3	292	195	0.16308560928878563	0.16666123274065378	0	neutral
39	39	0	1	SATB2	1	4	292	194	0.16308560928878563	0.16666123274065378	0	neutral
40	40	0	0	SATB2	1	4	292	194	0.16308560928878563	0.16666123274065378	1	neutral
41	41	0	1	SATB2	1	3	292	195	0.16308560928878563	0.16666123274065378	0	neutral
42	42	1	0	SATB2	2	3	291	195	0.16308560928878563	0.16666123274065378	0	neutral
43	43	0	1	SATB2	2	3	291	195	0.16308560928878563	0.16666123274065378	0	neutral
44	44	0	0	SATB2	2	3	291	195	0.16308560928878563	0.16666123274065378	0	neutral
45	45	0	0	SATB2	2	3	291	195	0.397024671750898	0.4474841188938302	1	neutral
46	46	1	0	SATB2	2	2	291	196	0.397024671750898	0.4474841188938302	0	neutral
47	47	0	0	SATB2	1	3	292	195	0.397024671750898	0.4474841188938302	0	neutral
48	48	0	1	SATB2	1	2	292	196	0.397024671750898	0.4474841188938302	0	neutral
49	49	0	0	SATB2	1	2	292	196	0.397024671750898	0.4474841188938302	0	neutral
50	50	0	0	SATB2	1	2	292	196	0.5680330843119049	0.33637064331481703	1	neutral
51	51	0	1	SATB2	1	4	292	194	0.5680330843119049	0.33637064331481703	0	neutral
52	52	0	0	SATB2	1	4	292	194	0.5680330843119049	0.33637064331481703	0	neutral
53	53	0	0	SATB2	2	3	291	195	0.5680330843119049	0.33637064331481703	0	neutral
54	54	0	0	SATB2	2	3	291	195	0.5680330843119049	0.33637064331481703	0	neutral
55	55	1	2	SATB2	2	4	291	194	0.2265458880264371	0.3340884546165482	1	neutral
56	56	0	0	SATB2	2	3	291	195	0.2265458880264371	0.3340884546165482	0	neutral
57	57	1	0	SATB2	2	3	291	195	0.2265458880264371	0.3340884546165482	0	neutral
58	58	0	0	SATB2	3	3	290	195	0.2265458880264371	0.3340884546165482	0	neutral
59	59	0	1	SATB2	3	3	290	195	0.2265458880264371	0.3340884546165482	0	neutral
60	60	0	0	SATB2	2	1	291	197	1	1.353145093857036	1	neutral
61	61	0	0	SATB2	2	2	291	196	1	1.353145093857036	0	neutral
62	62	1	0	SATB2	1	3	292	195	1	1.353145093857036	0	neutral
63	63	0	0	SATB2	1	3	292	195	1	1.353145093857036	0	neutral
64	64	0	0	SATB2	1	2	292	196	1	1.353145093857036	0	neutral
65	65	0	1	SATB2	1	3	292	195	0.30779072117194606	0.22326504738890654	1	neutral
66	66	0	1	SATB2	1	3	292	195	0.30779072117194606	0.22326504738890654	0	neutral
67	67	0	0	SATB2	0	5	293	193	0.30779072117194606	0.22326504738890654	0	neutral
68	68	0	0	SATB2	0	8	293	190	0.30779072117194606	0.22326504738890654	0	neutral
69	69	0	1	SATB2	0	8	293	190	0.30779072117194606	0.22326504738890654	0	neutral
70	70	0	0	SATB2	0	7	293	191	0.0016261819806094567	0	1	neutral
71	71	0	2	SATB2	1	8	292	190	0.0016261819806094567	0	0	PER
72	72	0	3	SATB2	1	8	292	190	0.0016261819806094567	0	0	PER
73	73	0	0	SATB2	1	8	292	190	0.0016261819806094567	0	0	PER
74	74	0	0	SATB2	1	8	292	190	0.0016261819806094567	0	0	PER
75	75	1	2	SATB2	1	8	292	190	0.0037560885978814356	0.08168614655624937	1	PER
76	76	0	0	SATB2	2	6	291	192	0.0037560885978814356	0.08168614655624937	0	PER
77	77	0	0	SATB2	2	3	291	195	0.0037560885978814356	0.08168614655624937	0	PER
78	78	0	1	SATB2	3	3	290	195	0.0037560885978814356	0.08168614655624937	0	PER
79	79	0	0	SATB2	3	3	290	195	0.0037560885978814356	0.08168614655624937	0	PER
80	80	1	0	SATB2	2	2	291	196	1	0.6741122454588283	1	neutral
81	81	0	0	SATB2	2	2	291	196	1	0.6741122454588283	0	neutral
82	82	1	0	SATB2	3	2	290	196	1	0.6741122454588283	0	neutral
83	83	0	0	SATB2	3	1	290	197	1	0.6741122454588283	0	neutral
84	84	0	1	SATB2	3	2	290	196	1	0.6741122454588283	0	neutral
85	85	0	0	SATB2	2	3	291	195	0.397024671750898	0.4474841188938302	1	neutral
86	86	1	0	SATB2	2	3	291	195	0.397024671750898	0.4474841188938302	0	neutral
87	87	0	0	SATB2	1	3	292	195	0.397024671750898	0.4474841188938302	0	neutral
88	88	0	1	SATB2	1	4	292	194	0.397024671750898	0.4474841188938302	0	neutral
89	89	0	1	SATB2	1	3	292	195	0.397024671750898	0.4474841188938302	0	neutral
90	90	0	0	SATB2	2	3	291	195	0.397024671750898	0.4474841188938302	1	neutral
91	91	0	0	SATB2	2	3	291	195	0.397024671750898	0.4474841188938302	0	neutral
92	92	0	1	SATB2	3	3	290	195	0.397024671750898	0.4474841188938302	0	neutral
93	93	0	0	SATB2	3	2	290	196	0.397024671750898	0.4474841188938302	0	neutral
94	94	1	0	SATB2	3	1	290	197	0.397024671750898	0.4474841188938302	0	neutral
95	95	1	0	SATB2	3	1	290	197	0.6512398262682185	2.0352565448038176	1	neutral
96	96	1	0	SATB2	3	1	290	197	0.6512398262682185	2.0352565448038176	0	neutral
97	97	0	0	SATB2	3	0	290	198	0.6512398262682185	2.0352565448038176	0	neutral
98	98	0	0	SATB2	4	0	289	198	0.6512398262682185	2.0352565448038176	0	neutral
99	99	0	0	SATB2	3	0	290	198	0.6512398262682185	2.0352565448038176	0	neutral
100	100	0	0	SATB2	2	0	291	198	0.5177355667317843	13.618237710747753	1	neutral
101	101	0	0	SATB2	1	0	292	198	0.5177355667317843	13.618237710747753	0	neutral
102	102	1	0	SATB2	2	0	291	198	0.5177355667317843	13.618237710747753	0	neutral
103	103	0	0	SATB2	2	0	291	198	0.5177355667317843	13.618237710747753	0	neutral
104	104	0	0	SATB2	2	0	291	198	0.5177355667317843	13.618237710747753	0	neutral
105	105	0	0	SATB2	2	0	291	198	0.5177355667317843	13.618237710747753	1	neutral
106	106	1	0	SATB2	2	0	291	198	0.5177355667317843	13.618237710747753	0	neutral
107	107	0	0	SATB2	1	1	292	197	0.5177355667317843	13.618237710747753	0	neutral
108	108	0	0	SATB2	2	1	291	197	0.5177355667317843	13.618237710747753	0	neutral
109	109	0	0	SATB2	3	1	290	197	0.5177355667317843	13.618237710747753	0	neutral
110	110	0	0	SATB2	3	1	290	197	0.6512398262682185	2.0352565448038176	1	neutral
111	111	0	1	SATB2	4	1	289	197	0.6512398262682185	2.0352565448038176	0	neutral
112	112	1	0	SATB2	7	1	286	197	0.6512398262682185	2.0352565448038176	0	neutral
113	113	1	0	SATB2	7	1	286	197	0.6512398262682185	2.0352565448038176	0	neutral
114	114	0	0	SATB2	7	1	286	197	0.6512398262682185	2.0352565448038176	0	neutral
115	115	2	0	SATB2	7	1	286	197	0.1515488453228973	4.810077009785391	1	neutral
116	116	3	0	SATB2	7	0	286	198	0.1515488453228973	4.810077009785391	0	neutral
117	117	0	0	SATB2	6	0	287	198	0.1515488453228973	4.810077009785391	0	neutral
118	118	0	0	SATB2	5	1	288	197	0.1515488453228973	4.810077009785391	0	neutral
119	119	0	0	SATB2	6	1	287	197	0.1515488453228973	4.810077009785391	0	neutral
120	120	0	0	SATB2	4	1	289	197	0.6526721062424764	2.7218628764011408	1	neutral
121	121	0	0	SATB2	1	1	292	197	0.6526721062424764	2.7218628764011408	0	neutral
122	122	0	1	SATB2	1	1	292	197	0.6526721062424764	2.7218628764011408	0	neutral
123	123	1	0	SATB2	1	1	292	197	0.6526721062424764	2.7218628764011408	0	neutral
124	124	0	0	SATB2	2	1	291	197	0.6526721062424764	2.7218628764011408	0	neutral
125	125	0	0	SATB2	2	1	291	197	1	1.353145093857036	1	neutral
126	126	0	0	SATB2	3	2	290	196	1	1.353145093857036	0	neutral
127	127	0	0	SATB2	4	1	289	197	1	1.353145093857036	0	neutral
128	128	1	0	SATB2	3	1	290	197	1	1.353145093857036	0	neutral
129	129	0	0	SATB2	3	1	290	197	1	1.353145093857036	0	neutral
130	130	1	1	SATB2	4	1	289	197	0.6526721062424764	2.7218628764011408	1	neutral
131	131	1	0	SATB2	4	1	289	197	0.6526721062424764	2.7218628764011408	0	neutral
132	132	0	0	SATB2	4	1	289	197	0.6526721062424764	2.7218628764011408	0	neutral
133	133	0	0	SATB2	3	2	290	196	0.6526721062424764	2.7218628764011408	0	neutral
134	134	1	0	SATB2	3	2	290	196	0.6526721062424764	2.7218628764011408	0	neutral
135	135	0	0	SATB2	2	1	291	197	1	1.353145093857036	1	neutral
136	136	0	0	SATB2	1	1	292	197	1	1.353145093857036	0	neutral
137	137	0	1	SATB2	1	2	292	196	1	1.353145093857036	0	neutral
138	138	0	0	SATB2	1	4	292	194	1	1.353145093857036	0	neutral
139	139	0	0	SATB2	0	4	293	194	1	1.353145093857036	0	neutral
140	140	0	0	SATB2	0	4	293	194	0.025966645316184107	0	1	neutral
141	141	0	1	SATB2	0	5	293	193	0.025966645316184107	0	0	neutral
142	142	0	2	SATB2	0	4	293	194	0.025966645316184107	0	0	neutral
143	143	0	0	SATB2	0	4	293	194	0.025966645316184107	0	0	neutral
144	144	0	0	SATB2	0	4	293	194	0.025966645316184107	0	0	neutral
145	145	0	1	SATB2	0	5	293	193	0.010344002446282797	0	1	neutral
146	146	0	0	SATB2	0	4	293	194	0.010344002446282797	0	0	neutral
147	147	0	0	SATB2	0	3	293	195	0.010344002446282797	0	0	neutral
148	148	0	0	SATB2	0	3	293	195	0.010344002446282797	0	0	neutral
149	149	0	1	SATB2	0	3	293	195	0.010344002446282797	0	0	neutral
150	150	0	0	SATB2	0	2	293	196	0.16212643917037275	0	1	neutral
151	151	0	1	SATB2	0	2	293	196	0.16212643917037275	0	0	neutral
152	152	0	0	SATB2	0	2	293	196	0.16212643917037275	0	0	neutral
153	153	0	0	SATB2	0	2	293	196	0.16212643917037275	0	0	neutral
154	154	0	0	SATB2	0	1	293	197	0.16212643917037275	0	0	neutral
155	155	0	0	SATB2	0	1	293	197	0.4032586558044805	0	1	neutral
156	156	0	0	SATB2	0	0	293	198	0.4032586558044805	0	0	neutral
157	157	0	0	SATB2	2	1	291	197	0.4032586558044805	0	0	neutral
158	158	0	0	SATB2	2	1	291	197	0.4032586558044805	0	0	neutral
159	159	0	0	SATB2	2	1	291	197	0.4032586558044805	0	0	neutral
160	160	0	0	SATB2	2	1	291	197	1	1.353145093857036	1	neutral
161	161	2	1	SATB2	2	1	291	197	1	1.353145093857036	0	neutral
162	162	0	0	SATB2	2	1	291	197	1	1.353145093857036	0	neutral
163	163	0	0	SATB2	2	2	291	196	1	1.353145093857036	0	neutral
164	164	0	0	SATB2	2	2	291	196	1	1.353145093857036	0	neutral
165	165	0	0	SATB2	3	2	290	196	1	1.0137653574776808	1	neutral
166	166	0	0	SATB2	1	1	292	197	1	1.0137653574776808	0	neutral
167	167	0	1	SATB2	1	1	292	197	1	1.0137653574776808	0	neutral
168	168	0	0	SATB2	1	1	292	197	1	1.0137653574776808	0	neutral
169	169	1	0	SATB2	1	1	292	197	1	1.0137653574776808	0	neutral
170	170	0	0	SATB2	1	1	292	197	1	0.6752286067959044	1	neutral
171	171	0	0	SATB2	1	1	292	197	1	0.6752286067959044	0	neutral
172	172	0	0	SATB2	1	1	292	197	1	0.6752286067959044	0	neutral
173	173	0	0	SATB2	1	2	292	196	1	0.6752286067959044	0	neutral
174	174	0	0	SATB2	0	2	293	196	1	0.6752286067959044	0	neutral
175	175	0	0	SATB2	0	2	293	196	0.16212643917037275	0	1	neutral
176	176	0	1	SATB2	0	2	293	196	0.16212643917037275	0	0	neutral
177	177	0	1	SATB2	0	2	293	196	0.16212643917037275	0	0	neutral
178	178	0	0	SATB2	1	2	292	196	0.16212643917037275	0	0	neutral
179	179	0	0	SATB2	1	2	292	196	0.16212643917037275	0	0	neutral
180	180	0	0	SATB2	3	2	290	196	1	1.0137653574776808	1	neutral
181	181	0	0	SATB2	7	1	286	197	1	1.0137653574776808	0	PER
182	182	1	0	SATB2	7	0	286	198	1	1.0137653574776808	0	PER
183	183	0	0	SATB2	7	0	286	198	1	1.0137653574776808	0	PER
184	184	2	0	SATB2	8	0	285	198	1	1.0137653574776808	0	PER
185	185	4	0	SATB2	9	0	284	198	0.01288079426234405	13.618237710747753	1	PER
186	186	0	0	SATB2	10	1	283	197	0.01288079426234405	13.618237710747753	0	PER
187	187	0	0	SATB2	9	1	284	197	0.01288079426234405	13.618237710747753	0	PER
188	188	1	0	SATB2	9	1	284	197	0.01288079426234405	13.618237710747753	0	PER
189	189	1	0	SATB2	7	1	286	197	0.01288079426234405	13.618237710747753	0	PER
190	190	1	1	SATB2	5	1	288	197	0.40897084745376094	3.4131638182263653	1	neutral
191	191	0	0	SATB2	6	1	287	197	0.40897084745376094	3.4131638182263653	0	neutral
192	192	0	0	SATB2	6	1	287	197	0.40897084745376094	3.4131638182263653	0	neutral
193	193	0	0	SATB2	5	1	288	197	0.40897084745376094	3.4131638182263653	0	neutral
194	194	2	0	SATB2	4	1	289	197	0.40897084745376094	3.4131638182263653	0	neutral
195	195	1	0	SATB2	4	0	289	198	0.15172452470749587	13.618237710747753	1	neutral
196	196	0	0	SATB2	4	0	289	198	0.15172452470749587	13.618237710747753	0	neutral
197	197	0	0	SATB2	4	0	289	198	0.15172452470749587	13.618237710747753	0	neutral
198	198	0	0	SATB2	4	0	289	198	0.15172452470749587	13.618237710747753	0	neutral
199	199	1	0	SATB2	2	0	291	198	0.15172452470749587	13.618237710747753	0	neutral
200	200	0	0	SATB2	1	0	292	198	0.9999999999999999	13.618237710747753	1	neutral
201	201	0	0	SATB2	1	0	292	198	0.9999999999999999	13.618237710747753	0	neutral
202	202	0	0	SATB2	1	0	292	198	0.9999999999999999	13.618237710747753	0	neutral
203	203	0	0	SATB2	1	0	292	198	0.9999999999999999	13.618237710747753	0	neutral
204	204	0	0	SATB2	1	0	292	198	0.9999999999999999	13.618237710747753	0	neutral
205	205	0	0	SATB2	1	0	292	198	0.9999999999999999	13.618237710747753	1	neutral
206	206	0	0	SATB2	1	0	292	198	0.9999999999999999	13.618237710747753	0	neutral
207	207	0	0	SATB2	1	0	292	198	0.9999999999999999	13.618237710747753	0	neutral
208	208	1	0	SATB2	1	0	292	198	0.9999999999999999	13.618237710747753	0	neutral
209	209	0	0	SATB2	1	0	292	198	0.9999999999999999	13.618237710747753	0	neutral
210	210	0	0	SATB2	1	0	292	198	0.9999999999999999	13.618237710747753	1	neutral
211	211	0	0	SATB2	2	0	291	198	0.9999999999999999	13.618237710747753	0	neutral
212	212	0	0	SATB2	2	0	291	198	0.9999999999999999	13.618237710747753	0	neutral
213	213	0	0	SATB2	1	1	292	197	0.9999999999999999	13.618237710747753	0	neutral
214	214	0	0	SATB2	2	1	291	197	0.9999999999999999	13.618237710747753	0	neutral
215	215	1	0	SATB2	2	1	291	197	1	1.353145093857036	1	neutral
216	216	0	0	SATB2	3	1	290	197	1	1.353145093857036	0	neutral
217	217	0	1	SATB2	3	1	290	197	1	1.353145093857036	0	neutral
218	218	1	0	SATB2	3	1	290	197	1	1.353145093857036	0	neutral
219	219	0	0	SATB2	3	1	290	197	1	1.353145093857036	0	neutral
220	220	1	0	SATB2	2	1	291	197	1	1.353145093857036	1	neutral
221	221	0	0	SATB2	4	1	289	197	1	1.353145093857036	0	neutral
222	222	0	0	SATB2	4	0	289	198	1	1.353145093857036	0	neutral
223	223	0	0	SATB2	3	0	290	198	1	1.353145093857036	0	neutral
224	224	0	0	SATB2	3	0	290	198	1	1.353145093857036	0	neutral
225	225	2	0	SATB2	3	0	290	198	0.27660335009767656	13.618237710747753	1	neutral
226	226	0	0	SATB2	5	1	288	197	0.27660335009767656	13.618237710747753	0	neutral
227	227	0	0	SATB2	5	1	288	197	0.27660335009767656	13.618237710747753	0	neutral
228	228	0	0	SATB2	5	2	288	196	0.27660335009767656	13.618237710747753	0	neutral
229	229	1	0	SATB2	5	2	288	196	0.27660335009767656	13.618237710747753	0	neutral
230	230	2	1	SATB2	4	2	289	196	1	1.3555879776467854	1	neutral
231	231	0	0	SATB2	5	3	288	195	1	1.3555879776467854	0	PER
232	232	0	1	SATB2	5	3	288	195	1	1.3555879776467854	0	PER
233	233	0	0	SATB2	5	4	288	194	1	1.3555879776467854	0	PER
234	234	1	0	SATB2	4	4	289	194	1	1.3555879776467854	0	PER
235	235	1	1	SATB2	22	3	271	195	0.0027599435651917293	5.263170216196167	1	PER
236	236	0	0	SATB2	22	4	271	194	0.0027599435651917293	5.263170216196167	0	PER
237	237	0	1	SATB2	24	4	269	194	0.0027599435651917293	5.263170216196167	0	PER
238	238	0	0	SATB2	24	4	269	194	0.0027599435651917293	5.263170216196167	0	PER
239	239	20	0	SATB2	23	4	270	194	0.0027599435651917293	5.263170216196167	0	PER
240	240	0	1	SATB2	23	4	270	194	0.004565846475400032	4.121841375817194	1	PER
241	241	2	1	SATB2	23	4	270	194	0.004565846475400032	4.121841375817194	0	PER
242	242	0	0	SATB2	23	4	270	194	0.004565846475400032	4.121841375817194	0	PER
243	243	0	0	SATB2	23	5	270	193	0.004565846475400032	4.121841375817194	0	PER
244	244	1	1	SATB2	3	6	290	192	0.004565846475400032	4.121841375817194	0	PER
245	245	0	0	SATB2	3	5	290	193	0.2779632992165652	0.4000731923199748	1	neutral
246	246	0	1	SATB2	2	4	291	194	0.2779632992165652	0.4000731923199748	0	PER
247	247	0	1	SATB2	2	5	291	193	0.2779632992165652	0.4000731923199748	0	PER
248	248	0	1	SATB2	2	6	291	192	0.2779632992165652	0.4000731923199748	0	PER
249	249	0	0	SATB2	1	7	292	191	0.2779632992165652	0.4000731923199748	0	PER
250	250	1	0	SATB2	2	7	291	191	0.03430622810039485	0.18814360584582057	1	PER
251	251	0	1	SATB2	2	6	291	192	0.03430622810039485	0.18814360584582057	0	PER
252	252	0	1	SATB2	2	5	291	193	0.03430622810039485	0.18814360584582057	0	PER
253	253	0	2	SATB2	2	5	291	193	0.03430622810039485	0.18814360584582057	0	PER
254	254	1	0	SATB2	2	6	291	192	0.03430622810039485	0.18814360584582057	0	PER
255	255	0	0	SATB2	1	6	292	192	0.018997532200557322	0.11003370607900964	1	PER
256	256	0	0	SATB2	1	5	292	193	0.018997532200557322	0.11003370607900964	0	PER
257	257	0	1	SATB2	1	4	292	194	0.018997532200557322	0.11003370607900964	0	PER
258	258	0	1	SATB2	1	2	292	196	0.018997532200557322	0.11003370607900964	0	PER
259	259	0	0	SATB2	0	3	293	195	0.018997532200557322	0.11003370607900964	0	PER
260	260	0	0	SATB2	0	3	293	195	0.06498319443229662	0	1	neutral
261	261	0	0	SATB2	0	3	293	195	0.06498319443229662	0	0	neutral
262	262	0	0	SATB2	0	3	293	195	0.06498319443229662	0	0	neutral
263	263	0	1	SATB2	0	2	293	196	0.06498319443229662	0	0	neutral
264	264	0	0	SATB2	0	2	293	196	0.06498319443229662	0	0	neutral
265	265	0	0	SATB2	0	2	293	196	0.16212643917037275	0	1	neutral
266	266	0	1	SATB2	1	2	292	196	0.16212643917037275	0	0	neutral
267	267	0	0	SATB2	1	2	292	196	0.16212643917037275	0	0	neutral
268	268	0	0	SATB2	1	1	292	197	0.16212643917037275	0	0	neutral
269	269	0	0	SATB2	2	1	291	197	0.16212643917037275	0	0	neutral
270	270	1	0	SATB2	2	1	291	197	1	1.353145093857036	1	neutral
271	271	0	0	SATB2	3	1	290	197	1	1.353145093857036	0	neutral
272	272	0	0	SATB2	3	1	290	197	1	1.353145093857036	0	neutral
273	273	1	0	SATB2	3	1	290	197	1	1.353145093857036	0	neutral
274	274	0	0	SATB2	4	2	289	196	1	1.353145093857036	0	neutral
275	275	1	1	SATB2	3	4	290	194	0.44750978824258747	0.5024413176027216	1	neutral
276	276	0	0	SATB2	3	4	290	194	0.44750978824258747	0.5024413176027216	0	neutral
277	277	0	0	SATB2	3	6	290	192	0.44750978824258747	0.5024413176027216	0	neutral
278	278	1	1	SATB2	2	6	291	192	0.44750978824258747	0.5024413176027216	0	neutral
279	279	0	2	SATB2	13	7	280	191	0.44750978824258747	0.5024413176027216	0	neutral
280	280	0	0	SATB2	12	6	281	192	0.6297674886742711	1.365707094734148	1	neutral
281	281	0	2	SATB2	13	6	280	192	0.6297674886742711	1.365707094734148	0	neutral
282	282	0	0	SATB2	13	7	280	191	0.6297674886742711	1.365707094734148	0	neutral
283	283	11	1	SATB2	12	7	281	191	0.6297674886742711	1.365707094734148	0	neutral
284	284	0	0	SATB2	12	6	281	192	0.6297674886742711	1.365707094734148	0	neutral
285	285	1	0	SATB2	12	6	281	192	0.6297674886742711	1.365707094734148	1	neutral
286	286	0	1	SATB2	15	4	278	194	0.6297674886742711	1.365707094734148	0	neutral
287	287	0	1	SATB2	15	4	278	194	0.6297674886742711	1.365707094734148	0	neutral
288	288	0	1	SATB2	4	3	289	195	0.6297674886742711	1.365707094734148	0	neutral
289	289	0	0	SATB2	4	5	289	193	0.6297674886742711	1.365707094734148	0	neutral
290	290	3	0	SATB2	3	6	290	192	0.16712980492847057	0.33179049780455155	1	neutral
291	291	0	0	SATB2	3	5	290	193	0.16712980492847057	0.33179049780455155	0	neutral
292	292	0	0	SATB2	3	4	290	194	0.16712980492847057	0.33179049780455155	0	neutral
293	293	0	2	SATB2	3	3	290	195	0.16712980492847057	0.33179049780455155	0	neutral
294	294	0	1	SATB2	3	3	290	195	0.16712980492847057	0.33179049780455155	0	neutral
295	295	0	0	SATB2	1	3	292	195	0.30779072117194606	0.22326504738890654	1	neutral
296	296	0	0	SATB2	1	3	292	195	0.30779072117194606	0.22326504738890654	0	neutral
297	297	0	0	SATB2	1	3	292	195	0.30779072117194606	0.22326504738890654	0	neutral
298	298	0	0	SATB2	1	1	292	197	0.30779072117194606	0.22326504738890654	0	neutral
299	299	1	0	SATB2	1	0	292	198	0.30779072117194606	0.22326504738890654	0	neutral
300	300	0	0	SATB2	1	0	292	198	0.9999999999999999	13.618237710747753	1	neutral
301	301	0	0	SATB2	2	0	291	198	0.9999999999999999	13.618237710747753	0	neutral
302	302	0	0	SATB2	2	0	291	198	0.9999999999999999	13.618237710747753	0	neutral
303	303	0	0	SATB2	2	0	291	198	0.9999999999999999	13.618237710747753	0	neutral
304	304	0	0	SATB2	1	0	292	198	0.9999999999999999	13.618237710747753	0	neutral
305	305	1	0	SATB2	2	0	291	198	0.5177355667317843	13.618237710747753	1	neutral
306	306	0	0	SATB2	3	0	290	198	0.5177355667317843	13.618237710747753	0	neutral
307	307	0	0	SATB2	3	0	290	198	0.5177355667317843	13.618237710747753	0	neutral
308	308	0	0	SATB2	3	0	290	198	0.5177355667317843	13.618237710747753	0	neutral
309	309	1	0	SATB2	3	0	290	198	0.5177355667317843	13.618237710747753	0	neutral
310	310	1	0	SATB2	2	0	291	198	0.5177355667317843	13.618237710747753	1	neutral
311	311	0	0	SATB2	2	0	291	198	0.5177355667317843	13.618237710747753	0	neutral
312	312	0	0	SATB2	2	0	291	198	0.5177355667317843	13.618237710747753	0	neutral
313	313	0	0	SATB2	2	0	291	198	0.5177355667317843	13.618237710747753	0	neutral
314	314	0	0	SATB2	1	0	292	198	0.5177355667317843	13.618237710747753	0	neutral
315	315	0	0	SATB2	0	0	293	198	1	0	1	neutral
316	316	0	0	SATB2	1	1	292	197	1	0	0	neutral
317	317	0	0	SATB2	1	1	292	197	1	0	0	neutral
318	318	0	0	SATB2	1	1	292	197	1	0	0	neutral
319	319	0	0	SATB2	1	2	292	196	1	0	0	neutral
320	320	1	1	SATB2	1	2	292	196	0.5680330843119049	0.33637064331481703	1	neutral
321	321	0	0	SATB2	1	2	292	196	0.5680330843119049	0.33637064331481703	0	neutral
322	322	0	0	SATB2	1	2	292	196	0.5680330843119049	0.33637064331481703	0	neutral
323	323	0	1	SATB2	1	2	292	196	0.5680330843119049	0.33637064331481703	0	neutral
324	324	0	0	SATB2	2	2	291	196	0.5680330843119049	0.33637064331481703	0	neutral
325	325	0	0	SATB2	1	1	292	197	1	0.6752286067959044	1	neutral
326	326	0	0	SATB2	2	1	291	197	1	0.6752286067959044	0	neutral
327	327	0	0	SATB2	2	1	291	197	1	0.6752286067959044	0	neutral
328	328	1	0	SATB2	2	0	291	198	1	0.6752286067959044	0	neutral
329	329	0	0	SATB2	3	1	290	197	1	0.6752286067959044	0	neutral
330	330	1	0	SATB2	3	3	290	195	0.6891200950935744	0.6729881799329616	1	neutral
331	331	0	0	SATB2	3	3	290	195	0.6891200950935744	0.6729881799329616	0	neutral
332	332	0	0	SATB2	3	3	290	195	0.6891200950935744	0.6729881799329616	0	neutral
333	333	1	1	SATB2	2	3	291	195	0.6891200950935744	0.6729881799329616	0	neutral
334	334	0	2	SATB2	2	3	291	195	0.6891200950935744	0.6729881799329616	0	neutral
335	335	0	0	SATB2	2	3	291	195	0.397024671750898	0.4474841188938302	1	neutral
336	336	0	0	SATB2	2	3	291	195	0.397024671750898	0.4474841188938302	0	neutral
337	337	0	0	SATB2	2	3	291	195	0.397024671750898	0.4474841188938302	0	neutral
338	338	0	0	SATB2	1	2	292	196	0.397024671750898	0.4474841188938302	0	neutral
339	339	1	0	SATB2	1	0	292	198	0.397024671750898	0.4474841188938302	0	neutral
340	340	0	0	SATB2	1	1	292	197	1	0.6752286067959044	1	neutral
341	341	0	0	SATB2	1	2	292	196	1	0.6752286067959044	0	neutral
342	342	0	0	SATB2	1	2	292	196	1	0.6752286067959044	0	neutral
343	343	0	0	SATB2	1	3	292	195	1	0.6752286067959044	0	neutral
344	344	0	1	SATB2	0	3	293	195	1	0.6752286067959044	0	neutral
345	345	0	1	SATB2	0	3	293	195	0.06498319443229662	0	1	neutral
346	346	0	0	SATB2	0	3	293	195	0.06498319443229662	0	0	neutral
347	347	0	1	SATB2	0	3	293	195	0.06498319443229662	0	0	neutral
348	348	0	0	SATB2	0	3	293	195	0.06498319443229662	0	0	neutral
349	349	0	0	SATB2	0	2	293	196	0.06498319443229662	0	0	neutral
350	350	0	0	SATB2	0	2	293	196	0.16212643917037275	0	1	neutral
351	351	0	0	SATB2	0	3	293	195	0.16212643917037275	0	0	neutral
352	352	0	0	SATB2	0	2	293	196	0.16212643917037275	0	0	neutral
353	353	0	0	SATB2	0	3	293	195	0.16212643917037275	0	0	neutral
354	354	0	1	SATB2	0	4	293	194	0.16212643917037275	0	0	neutral
355	355	0	1	SATB2	0	4	293	194	0.025966645316184107	0	1	neutral
356	356	0	0	SATB2	0	4	293	194	0.025966645316184107	0	0	neutral
357	357	0	1	SATB2	0	4	293	194	0.025966645316184107	0	0	neutral
358	358	0	1	SATB2	0	5	293	193	0.025966645316184107	0	0	neutral
359	359	0	0	SATB2	0	4	293	194	0.025966645316184107	0	0	neutral
360	360	0	0	SATB2	0	3	293	195	0.06498319443229662	0	1	neutral
361	361	0	0	SATB2	0	3	293	195	0.06498319443229662	0	0	neutral
362	362	0	1	SATB2	0	2	293	196	0.06498319443229662	0	0	neutral
363	363	0	0	SATB2	0	1	293	197	0.06498319443229662	0	0	neutral
364	364	0	0	SATB2	2	1	291	197	0.06498319443229662	0	0	neutral
365	365	0	0	SATB2	3	1	290	197	0.6512398262682185	2.0352565448038176	1	neutral
366	366	0	0	SATB2	3	2	290	196	0.6512398262682185	2.0352565448038176	0	neutral
367	367	0	0	SATB2	3	1	290	197	0.6512398262682185	2.0352565448038176	0	neutral
368	368	2	0	SATB2	3	1	290	197	0.6512398262682185	2.0352565448038176	0	neutral
369	369	1	0	SATB2	3	1	290	197	0.6512398262682185	2.0352565448038176	0	neutral
370	370	0	1	SATB2	3	1	290	197	0.6512398262682185	2.0352565448038176	1	neutral
371	371	0	0	SATB2	3	1	290	197	0.6512398262682185	2.0352565448038176	0	neutral
372	372	0	0	SATB2	3	1	290	197	0.6512398262682185	2.0352565448038176	0	neutral
373	373	0	0	SATB2	1	1	292	197	0.6512398262682185	2.0352565448038176	0	neutral
374	374	0	0	SATB2	2	1	291	197	0.6512398262682185	2.0352565448038176	0	neutral
375	375	0	0	SATB2	4	0	289	198	0.15172452470749587	13.618237710747753	1	neutral
376	376	0	0	SATB2	4	0	289	198	0.15172452470749587	13.618237710747753	0	PER
377	377	0	0	SATB2	5	0	288	198	0.15172452470749587	13.618237710747753	0	PER
378	378	2	0	SATB2	6	0	287	198	0.15172452470749587	13.618237710747753	0	PER
379	379	2	0	SATB2	7	0	286	198	0.15172452470749587	13.618237710747753	0	PER
380	380	0	0	SATB2	7	0	286	198	0.04516733581474887	13.618237710747753	1	PER
381	381	1	0	SATB2	7	0	286	198	0.04516733581474887	13.618237710747753	0	PER
382	382	1	0	SATB2	8	0	285	198	0.04516733581474887	13.618237710747753	0	PER
383	383	1	0	SATB2	6	0	287	198	0.04516733581474887	13.618237710747753	0	PER
384	384	0	0	SATB2	4	0	289	198	0.04516733581474887	13.618237710747753	0	PER
385	385	0	0	SATB2	36	0	257	198	3.847900191218539e-9	13.618237710747753	1	PER
386	386	1	0	SATB2	37	0	256	198	3.847900191218539e-9	13.618237710747753	0	PER
387	387	0	0	SATB2	38	0	255	198	3.847900191218539e-9	13.618237710747753	0	PER
388	388	0	0	SATB2	43	0	250	198	3.847900191218539e-9	13.618237710747753	0	PER
389	389	32	0	SATB2	43	0	250	198	3.847900191218539e-9	13.618237710747753	0	PER
390	390	2	0	SATB2	44	0	249	198	3.7770023228820585e-11	13.618237710747753	1	PER
391	391	2	0	SATB2	43	0	250	198	3.7770023228820585e-11	13.618237710747753	0	PER
392	392	6	0	SATB2	45	0	248	198	3.7770023228820585e-11	13.618237710747753	0	PER
393	393	0	0	SATB2	45	0	248	198	3.7770023228820585e-11	13.618237710747753	0	PER
394	394	1	0	SATB2	13	0	280	198	3.7770023228820585e-11	13.618237710747753	0	PER
395	395	0	0	SATB2	25	0	268	198	2.221113129595083e-6	13.618237710747753	1	PER
396	396	2	0	SATB2	24	0	269	198	2.221113129595083e-6	13.618237710747753	0	PER
397	397	0	0	SATB2	18	0	275	198	2.221113129595083e-6	13.618237710747753	0	PER
398	398	0	0	SATB2	20	0	273	198	2.221113129595083e-6	13.618237710747753	0	PER
399	399	14	0	SATB2	19	0	274	198	2.221113129595083e-6	13.618237710747753	0	PER
400	400	1	0	SATB2	19	1	274	197	6.584579924593722e-4	13.618237710747753	1	PER
401	401	0	0	SATB2	17	3	276	195	6.584579924593722e-4	13.618237710747753	0	PER
402	402	2	0	SATB2	17	3	276	195	6.584579924593722e-4	13.618237710747753	0	PER
403	403	0	0	SATB2	18	3	275	195	6.584579924593722e-4	13.618237710747753	0	PER
404	404	0	1	SATB2	4	3	289	195	6.584579924593722e-4	13.618237710747753	0	PER
405	405	0	2	SATB2	5	3	288	195	1	1.128230816877027	1	neutral
406	406	0	0	SATB2	5	3	288	195	1	1.128230816877027	0	neutral
407	407	1	0	SATB2	3	3	290	195	1	1.128230816877027	0	neutral
408	408	0	0	SATB2	3	3	290	195	1	1.128230816877027	0	neutral
409	409	2	0	SATB2	3	2	290	196	1	1.128230816877027	0	neutral
410	410	0	0	SATB2	3	0	290	198	0.27660335009767656	13.618237710747753	1	neutral
411	411	0	0	SATB2	4	0	289	198	0.27660335009767656	13.618237710747753	0	neutral
412	412	0	0	SATB2	3	1	290	197	0.27660335009767656	13.618237710747753	0	neutral
413	413	0	0	SATB2	3	1	290	197	0.27660335009767656	13.618237710747753	0	neutral
414	414	0	0	SATB2	2	1	291	197	0.27660335009767656	13.618237710747753	0	neutral
415	415	1	0	SATB2	3	1	290	197	0.6512398262682185	2.0352565448038176	1	neutral
416	416	0	1	SATB2	3	1	290	197	0.6512398262682185	2.0352565448038176	0	neutral
417	417	0	0	SATB2	3	1	290	197	0.6512398262682185	2.0352565448038176	0	neutral
418	418	1	0	SATB2	3	1	290	197	0.6512398262682185	2.0352565448038176	0	neutral
419	419	1	0	SATB2	3	1	290	197	0.6512398262682185	2.0352565448038176	0	neutral
420	420	0	0	SATB2	2	1	291	197	1	1.353145093857036	1	neutral
421	421	0	0	SATB2	2	1	291	197	1	1.353145093857036	0	PER
422	422	0	0	SATB2	2	2	291	196	1	1.353145093857036	0	PER
423	423	0	0	SATB2	1	3	292	195	1	1.353145093857036	0	PER
424	424	0	0	SATB2	0	3	293	195	1	1.353145093857036	0	PER
425	425	0	1	SATB2	15	3	278	195	0.04837013744707597	3.4997958782510947	1	PER
426	426	0	1	SATB2	15	3	278	195	0.04837013744707597	3.4997958782510947	0	PER
427	427	0	1	SATB2	15	5	278	193	0.04837013744707597	3.4997958782510947	0	PER
428	428	0	0	SATB2	15	5	278	193	0.04837013744707597	3.4997958782510947	0	PER
429	429	15	0	SATB2	16	5	277	193	0.04837013744707597	3.4997958782510947	0	PER
430	430	0	0	SATB2	16	4	277	194	0.06509111394314152	2.796318304453465	1	neutral
431	431	0	2	SATB2	16	3	277	195	0.06509111394314152	2.796318304453465	0	neutral
432	432	0	0	SATB2	17	2	276	196	0.06509111394314152	2.796318304453465	0	neutral
433	433	1	0	SATB2	17	2	276	196	0.06509111394314152	2.796318304453465	0	neutral
434	434	0	0	SATB2	2	2	291	196	0.06509111394314152	2.796318304453465	0	neutral
435	435	0	0	SATB2	3	3	290	195	0.6891200950935744	0.6729881799329616	1	neutral
436	436	1	0	SATB2	3	2	290	196	0.6891200950935744	0.6729881799329616	0	neutral
437	437	0	0	SATB2	3	3	290	195	0.6891200950935744	0.6729881799329616	0	neutral
438	438	0	0	SATB2	2	3	291	195	0.6891200950935744	0.6729881799329616	0	neutral
439	439	1	1	SATB2	2	4	291	194	0.6891200950935744	0.6729881799329616	0	neutral
440	440	0	1	SATB2	2	5	291	193	0.12401346427420148	0.26600648395030085	1	neutral
441	441	0	1	SATB2	1	5	292	193	0.12401346427420148	0.26600648395030085	0	neutral
442	442	0	0	SATB2	1	5	292	193	0.12401346427420148	0.26600648395030085	0	neutral
443	443	0	1	SATB2	1	7	292	191	0.12401346427420148	0.26600648395030085	0	neutral
444	444	0	1	SATB2	0	6	293	192	0.12401346427420148	0.26600648395030085	0	neutral
445	445	0	0	SATB2	0	6	293	192	0.004107803440602019	0	1	neutral
446	446	0	0	SATB2	1	6	292	192	0.004107803440602019	0	0	neutral
447	447	0	2	SATB2	1	6	292	192	0.004107803440602019	0	0	neutral
448	448	0	0	SATB2	1	5	292	193	0.004107803440602019	0	0	neutral
449	449	0	1	SATB2	1	4	292	194	0.004107803440602019	0	0	neutral
450	450	1	1	SATB2	1	4	292	194	0.16308560928878563	0.16666123274065378	1	neutral
451	451	0	0	SATB2	1	4	292	194	0.16308560928878563	0.16666123274065378	0	PER
452	452	0	0	SATB2	1	2	292	196	0.16308560928878563	0.16666123274065378	0	PER
453	453	0	0	SATB2	1	2	292	196	0.16308560928878563	0.16666123274065378	0	PER
454	454	0	0	SATB2	1	1	292	197	0.16308560928878563	0.16666123274065378	0	PER
455	455	0	0	SATB2	7	0	286	198	0.04516733581474887	13.618237710747753	1	PER
456	456	0	0	SATB2	7	2	286	196	0.04516733581474887	13.618237710747753	0	PER
457	457	0	0	SATB2	7	3	286	195	0.04516733581474887	13.618237710747753	0	PER
458	458	0	0	SATB2	7	3	286	195	0.04516733581474887	13.618237710747753	0	PER
459	459	7	0	SATB2	7	4	286	194	0.04516733581474887	13.618237710747753	0	PER
460	460	0	2	SATB2	7	4	286	194	1	1.186631748478677	1	neutral
461	461	0	1	SATB2	8	4	285	194	1	1.186631748478677	0	PER
462	462	0	0	SATB2	8	6	285	192	1	1.186631748478677	0	PER
463	463	0	1	SATB2	8	6	285	192	1	1.186631748478677	0	PER
464	464	0	0	SATB2	1	9	292	189	1	1.186631748478677	0	PER
465	465	1	0	SATB2	1	7	292	191	0.00851729611744829	0.093835817586685355	1	PER
466	466	0	2	SATB2	1	7	292	191	0.00851729611744829	0.093835817586685355	0	PER
467	467	0	0	SATB2	1	7	292	191	0.00851729611744829	0.093835817586685355	0	PER
468	468	0	3	SATB2	1	7	292	191	0.00851729611744829	0.093835817586685355	0	PER
469	469	0	0	SATB2	1	7	292	191	0.00851729611744829	0.093835817586685355	0	PER
470	470	0	1	SATB2	0	9	293	189	2.5244316717278856e-4	0	1	neutral
471	471	0	0	SATB2	0	7	293	191	2.5244316717278856e-4	0	0	PER
472	472	0	1	SATB2	1	8	292	190	2.5244316717278856e-4	0	0	PER
473	473	0	0	SATB2	1	6	292	192	2.5244316717278856e-4	0	0	PER
474	474	0	2	SATB2	1	6	292	192	2.5244316717278856e-4	0	0	PER
475	475	0	0	SATB2	1	6	292	192	0.018997532200557322	0.11003370607900964	1	PER
476	476	1	1	SATB2	1	7	292	191	0.018997532200557322	0.11003370607900964	0	PER
477	477	0	1	SATB2	1	6	292	192	0.018997532200557322	0.11003370607900964	0	PER
478	478	0	0	SATB2	1	7	292	191	0.018997532200557322	0.11003370607900964	0	PER
479	479	0	1	SATB2	2	6	291	192	0.018997532200557322	0.11003370607900964	0	PER
480	480	0	1	SATB2	2	6	291	192	0.0659022153128159	0.22059394803875332	1	neutral
481	481	0	0	SATB2	1	5	292	193	0.0659022153128159	0.22059394803875332	0	neutral
482	482	0	1	SATB2	1	4	292	194	0.0659022153128159	0.22059394803875332	0	neutral
483	483	1	1	SATB2	1	5	292	193	0.0659022153128159	0.22059394803875332	0	neutral
484	484	0	0	SATB2	2	4	291	194	0.0659022153128159	0.22059394803875332	0	neutral
485	485	0	0	SATB2	2	3	291	195	0.397024671750898	0.4474841188938302	1	neutral
486	486	0	0	SATB2	2	5	291	193	0.397024671750898	0.4474841188938302	0	neutral
487	487	0	1	SATB2	2	4	291	194	0.397024671750898	0.4474841188938302	0	neutral
488	488	1	0	SATB2	1	3	292	195	0.397024671750898	0.4474841188938302	0	neutral
489	489	0	0	SATB2	2	3	291	195	0.397024671750898	0.4474841188938302	0	neutral
490	490	0	2	SATB2	3	3	290	195	0.6891200950935744	0.6729881799329616	1	neutral
491	491	0	0	SATB2	3	3	290	195	0.6891200950935744	0.6729881799329616	0	neutral
492	492	0	0	SATB2	3	2	290	196	0.6891200950935744	0.6729881799329616	0	neutral
493	493	1	0	SATB2	2	2	291	196	0.6891200950935744	0.6729881799329616	0	neutral
494	494	1	0	SATB2	2	2	291	196	0.6891200950935744	0.6729881799329616	0	neutral
495	495	0	0	SATB2	3	0	290	198	0.27660335009767656	13.618237710747753	1	neutral
496	496	0	0	SATB2	4	0	289	198	0.27660335009767656	13.618237710747753	0	neutral
497	497	0	0	SATB2	4	0	289	198	0.27660335009767656	13.618237710747753	0	neutral
498	498	0	0	SATB2	3	0	290	198	0.27660335009767656	13.618237710747753	0	neutral
499	499	1	0	SATB2	2	0	291	198	0.27660335009767656	13.618237710747753	0	neutral
500	500	1	0	SATB2	2	0	291	198	0.5177355667317843	13.618237710747753	1	neutral
501	501	0	0	SATB2	5	0	288	198	0.5177355667317843	13.618237710747753	0	neutral
502	502	0	0	SATB2	6	0	287	198	0.5177355667317843	13.618237710747753	0	neutral
503	503	0	0	SATB2	6	0	287	198	0.5177355667317843	13.618237710747753	0	neutral
504	504	0	0	SATB2	5	0	288	198	0.5177355667317843	13.618237710747753	0	neutral
505	505	3	0	SATB2	4	0	289	198	0.15172452470749587	13.618237710747753	1	neutral
506	506	1	0	SATB2	4	0	289	198	0.15172452470749587	13.618237710747753	0	neutral
507	507	0	0	SATB2	4	0	289	198	0.15172452470749587	13.618237710747753	0	neutral
508	508	0	0	SATB2	4	0	289	198	0.15172452470749587	13.618237710747753	0	neutral
509	509	0	0	SATB2	5	0	288	198	0.15172452470749587	13.618237710747753	0	neutral
510	510	0	0	SATB2	4	0	289	198	0.15172452470749587	13.618237710747753	1	neutral
511	511	0	0	SATB2	5	0	288	198	0.15172452470749587	13.618237710747753	0	neutral
512	512	0	0	SATB2	5	0	288	198	0.15172452470749587	13.618237710747753	0	neutral
513	513	1	0	SATB2	5	0	288	198	0.15172452470749587	13.618237710747753	0	neutral
514	514	2	0	SATB2	6	0	287	198	0.15172452470749587	13.618237710747753	0	neutral
515	515	2	0	SATB2	6	0	287	198	0.08574923006312883	13.618237710747753	1	neutral
516	516	0	0	SATB2	6	0	287	198	0.08574923006312883	13.618237710747753	0	neutral
517	517	0	0	SATB2	6	0	287	198	0.08574923006312883	13.618237710747753	0	neutral
518	518	1	0	SATB2	7	0	286	198	0.08574923006312883	13.618237710747753	0	neutral
519	519	0	0	SATB2	5	0	288	198	0.08574923006312883	13.618237710747753	0	neutral
520	520	0	0	SATB2	3	0	290	198	0.27660335009767656	13.618237710747753	1	neutral
521	521	0	0	SATB2	5	0	288	198	0.27660335009767656	13.618237710747753	0	neutral
522	522	2	0	SATB2	5	0	288	198	0.27660335009767656	13.618237710747753	0	neutral
523	523	0	0	SATB2	4	0	289	198	0.27660335009767656	13.618237710747753	0	neutral
524	524	0	0	SATB2	4	0	289	198	0.27660335009767656	13.618237710747753	0	neutral
525	525	2	0	SATB2	4	0	289	198	0.15172452470749587	13.618237710747753	1	neutral
526	526	0	0	SATB2	4	0	289	198	0.15172452470749587	13.618237710747753	0	neutral
527	527	0	0	SATB2	4	0	289	198	0.15172452470749587	13.618237710747753	0	neutral
528	528	0	0	SATB2	5	0	288	198	0.15172452470749587	13.618237710747753	0	neutral
529	529	0	0	SATB2	5	0	288	198	0.15172452470749587	13.618237710747753	0	neutral
530	530	0	0	SATB2	3	0	290	198	0.27660335009767656	13.618237710747753	1	neutral
531	531	2	0	SATB2	4	0	289	198	0.27660335009767656	13.618237710747753	0	neutral
532	532	1	0	SATB2	5	0	288	198	0.27660335009767656	13.618237710747753	0	neutral
533	533	0	0	SATB2	7	0	286	198	0.27660335009767656	13.618237710747753	0	neutral
534	534	0	0	SATB2	7	0	286	198	0.27660335009767656	13.618237710747753	0	neutral
535	535	1	0	SATB2	7	1	286	197	0.1515488453228973	4.810077009785391	1	neutral
536	536	1	0	SATB2	5	2	288	196	0.1515488453228973	4.810077009785391	0	neutral
537	537	2	0	SATB2	4	2	289	196	0.1515488453228973	4.810077009785391	0	neutral
538	538	0	0	SATB2	5	3	288	195	0.1515488453228973	4.810077009785391	0	neutral
539	539	0	1	SATB2	6	5	287	193	0.1515488453228973	4.810077009785391	0	neutral
540	540	0	1	SATB2	5	5	288	193	0.5335766677877514	0.6707166147317775	1	neutral
541	541	0	0	SATB2	5	5	288	193	0.5335766677877514	0.6707166147317775	0	neutral
542	542	1	1	SATB2	3	5	290	193	0.5335766677877514	0.6707166147317775	0	neutral
543	543	1	2	SATB2	4	5	289	193	0.5335766677877514	0.6707166147317775	0	neutral
544	544	0	0	SATB2	4	5	289	193	0.5335766677877514	0.6707166147317775	0	neutral
545	545	1	0	SATB2	5	4	288	194	1	0.8423175374161762	1	neutral
546	546	0	0	SATB2	5	4	288	194	1	0.8423175374161762	0	neutral
547	547	1	0	SATB2	4	3	289	195	1	0.8423175374161762	0	neutral
548	548	0	1	SATB2	4	1	289	197	1	0.8423175374161762	0	neutral
549	549	1	0	SATB2	5	1	288	197	1	0.8423175374161762	0	neutral
550	550	0	0	SATB2	4	2	289	196	1	1.3555879776467854	1	neutral
551	551	0	0	SATB2	4	3	289	195	1	1.3555879776467854	0	neutral
552	552	1	0	SATB2	3	3	290	195	1	1.3555879776467854	0	neutral
553	553	1	0	SATB2	3	3	290	195	1	1.3555879776467854	0	neutral
554	554	0	1	SATB2	3	3	290	195	1	1.3555879776467854	0	neutral
555	555	0	1	SATB2	3	3	290	195	0.6891200950935744	0.6729881799329616	1	neutral
556	556	0	0	SATB2	3	3	290	195	0.6891200950935744	0.6729881799329616	0	neutral
557	557	0	1	SATB2	2	3	291	195	0.6891200950935744	0.6729881799329616	0	neutral
558	558	1	0	SATB2	1	3	292	195	0.6891200950935744	0.6729881799329616	0	neutral
559	559	0	0	SATB2	1	2	292	196	0.6891200950935744	0.6729881799329616	0	neutral
560	560	0	0	SATB2	1	1	292	197	1	0.6752286067959044	1	neutral
561	561	0	0	SATB2	1	1	292	197	1	0.6752286067959044	0	neutral
562	562	0	0	SATB2	3	0	290	198	1	0.6752286067959044	0	neutral
563	563	0	0	SATB2	2	1	291	197	1	0.6752286067959044	0	neutral
564	564	0	0	SATB2	2	2	291	196	1	0.6752286067959044	0	neutral
565	565	0	0	SATB2	3	2	290	196	1	1.0137653574776808	1	neutral
566	566	2	0	SATB2	3	3	290	195	1	1.0137653574776808	0	neutral
567	567	0	1	SATB2	3	5	290	193	1	1.0137653574776808	0	neutral
568	568	0	1	SATB2	3	5	290	193	1	1.0137653574776808	0	neutral
569	569	1	0	SATB2	3	5	290	193	1	1.0137653574776808	0	neutral
570	570	0	1	SATB2	3	6	290	192	0.16712980492847057	0.33179049780455155	1	neutral
571	571	0	2	SATB2	1	7	292	191	0.16712980492847057	0.33179049780455155	0	PER
572	572	0	0	SATB2	2	8	291	190	0.16712980492847057	0.33179049780455155	0	PER
573	573	0	0	SATB2	4	7	289	191	0.16712980492847057	0.33179049780455155	0	PER
574	574	0	1	SATB2	3	9	290	189	0.16712980492847057	0.33179049780455155	0	PER
575	575	0	1	SATB2	3	8	290	190	0.03253101722589291	0.24638751363796166	1	PER
576	576	1	2	SATB2	3	6	290	192	0.03253101722589291	0.24638751363796166	0	PER
577	577	2	0	SATB2	3	6	290	192	0.03253101722589291	0.24638751363796166	0	PER
578	578	0	2	SATB2	3	6	290	192	0.03253101722589291	0.24638751363796166	0	PER
579	579	0	0	SATB2	3	5	290	193	0.03253101722589291	0.24638751363796166	0	PER
580	580	0	0	SATB2	3	4	290	194	0.44750978824258747	0.5024413176027216	1	neutral
581	581	0	0	SATB2	2	2	291	196	0.44750978824258747	0.5024413176027216	0	neutral
582	582	0	0	SATB2	1	2	292	196	0.44750978824258747	0.5024413176027216	0	neutral
583	583	0	0	SATB2	1	0	292	198	0.44750978824258747	0.5024413176027216	0	neutral
584	584	0	0	SATB2	2	0	291	198	0.44750978824258747	0.5024413176027216	0	neutral
585	585	0	0	SATB2	2	0	291	198	0.5177355667317843	13.618237710747753	1	neutral
586	586	1	0	SATB2	2	0	291	198	0.5177355667317843	13.618237710747753	0	neutral
587	587	0	0	SATB2	2	0	291	198	0.5177355667317843	13.618237710747753	0	neutral
588	588	1	0	SATB2	2	0	291	198	0.5177355667317843	13.618237710747753	0	neutral
589	589	0	0	SATB2	2	1	291	197	0.5177355667317843	13.618237710747753	0	neutral
590	590	0	0	SATB2	2	1	291	197	1	1.353145093857036	1	neutral
591	591	0	0	SATB2	2	1	291	197	1	1.353145093857036	0	neutral
592	592	0	0	SATB2	2	1	291	197	1	1.353145093857036	0	neutral
593	593	0	1	SATB2	1	1	292	197	1	1.353145093857036	0	neutral
594	594	0	0	SATB2	1	1	292	197	1	1.353145093857036	0	neutral
595	595	1	0	SATB2	1	1	292	197	1	0.6752286067959044	1	neutral
596	596	0	0	SATB2	1	2	292	196	1	0.6752286067959044	0	neutral
597	597	0	0	SATB2	1	2	292	196	1	0.6752286067959044	0	neutral
598	598	0	0	SATB2	1	2	292	196	1	0.6752286067959044	0	neutral
599	599	0	0	SATB2	3	2	290	196	1	0.6752286067959044	0	neutral
600	600	0	1	SATB2	2	2	291	196	1	0.6741122454588283	1	neutral
601	601	0	0	SATB2	2	2	291	196	1	0.6741122454588283	0	neutral
602	602	0	1	SATB2	2	3	291	195	1	0.6741122454588283	0	neutral
603	603	2	0	SATB2	2	3	291	195	1	0.6741122454588283	0	neutral
604	604	0	0	SATB2	2	3	291	195	1	0.6741122454588283	0	neutral
605	605	0	0	SATB2	3	2	290	196	1	1.0137653574776808	1	neutral
606	606	0	1	SATB2	3	3	290	195	1	1.0137653574776808	0	neutral
607	607	0	0	SATB2	3	2	290	196	1	1.0137653574776808	0	neutral
608	608	0	0	SATB2	1	2	292	196	1	1.0137653574776808	0	neutral
609	609	1	0	SATB2	1	2	292	196	1	1.0137653574776808	0	neutral
610	610	0	1	SATB2	1	2	292	196	0.5680330843119049	0.33637064331481703	1	neutral
611	611	0	0	SATB2	1	2	292	196	0.5680330843119049	0.33637064331481703	0	neutral
612	612	0	0	SATB2	1	2	292	196	0.5680330843119049	0.33637064331481703	0	neutral
613	613	0	0	SATB2	1	3	292	195	0.5680330843119049	0.33637064331481703	0	neutral
614	614	0	0	SATB2	0	4	293	194	0.5680330843119049	0.33637064331481703	0	neutral
615	615	0	1	SATB2	0	4	293	194	0.025966645316184107	0	1	neutral
616	616	0	0	SATB2	0	4	293	194	0.025966645316184107	0	0	neutral
617	617	0	1	SATB2	1	4	292	194	0.025966645316184107	0	0	neutral
618	618	0	1	SATB2	1	4	292	194	0.025966645316184107	0	0	neutral
619	619	0	1	SATB2	1	4	292	194	0.025966645316184107	0	0	neutral
620	620	0	0	SATB2	1	3	292	195	0.30779072117194606	0.22326504738890654	1	neutral
621	621	1	0	SATB2	1	3	292	195	0.30779072117194606	0.22326504738890654	0	neutral
622	622	0	0	SATB2	1	2	292	196	0.30779072117194606	0.22326504738890654	0	neutral
623	623	0	0	SATB2	1	1	292	197	0.30779072117194606	0.22326504738890654	0	neutral
624	624	0	0	SATB2	1	0	292	198	0.30779072117194606	0.22326504738890654	0	neutral
625	625	0	0	SATB2	1	0	292	198	0.9999999999999999	13.618237710747753	1	neutral
626	626	0	0	SATB2	0	0	293	198	0.9999999999999999	13.618237710747753	0	neutral
627	627	0	0	SATB2	0	0	293	198	0.9999999999999999	13.618237710747753	0	neutral
628	628	0	0	SATB2	0	0	293	198	0.9999999999999999	13.618237710747753	0	neutral
629	629	0	0	SATB2	0	0	293	198	0.9999999999999999	13.618237710747753	0	neutral
630	630	0	0	SATB2	0	0	293	198	1	0	1	neutral
631	631	0	0	SATB2	1	0	292	198	1	0	0	neutral
632	632	0	0	SATB2	1	0	292	198	1	0	0	neutral
633	633	0	0	SATB2	1	0	292	198	1	0	0	neutral
634	634	0	0	SATB2	1	0	292	198	1	0	0	neutral
635	635	1	0	SATB2	1	0	292	198	0.9999999999999999	13.618237710747753	1	neutral
636	636	0	0	SATB2	1	0	292	198	0.9999999999999999	13.618237710747753	0	neutral
637	637	0	0	SATB2	1	0	292	198	0.9999999999999999	13.618237710747753	0	neutral
638	638	0	0	SATB2	1	0	292	198	0.9999999999999999	13.618237710747753	0	neutral
639	639	0	0	SATB2	2	0	291	198	0.9999999999999999	13.618237710747753	0	neutral
640	640	0	0	SATB2	1	0	292	198	0.9999999999999999	13.618237710747753	1	neutral
641	641	0	0	SATB2	1	0	292	198	0.9999999999999999	13.618237710747753	0	neutral
642	642	0	0	SATB2	1	1	292	197	0.9999999999999999	13.618237710747753	0	neutral
643	643	1	0	SATB2	1	1	292	197	0.9999999999999999	13.618237710747753	0	neutral
644	644	0	0	SATB2	2	1	291	197	0.9999999999999999	13.618237710747753	0	neutral
645	645	0	0	SATB2	10	1	283	197	0.056875635276827013	6.941124282600543	1	neutral
646	646	0	1	SATB2	10	1	283	197	0.056875635276827013	6.941124282600543	0	neutral
647	647	0	0	SATB2	11	1	282	197	0.056875635276827013	6.941124282600543	0	neutral
648	648	1	0	SATB2	10	1	283	197	0.056875635276827013	6.941124282600543	0	neutral
649	649	8	0	SATB2	10	1	283	197	0.056875635276827013	6.941124282600543	0	neutral
650	650	0	0	SATB2	10	1	283	197	0.056875635276827013	6.941124282600543	1	neutral
651	651	1	0	SATB2	11	0	282	198	0.056875635276827013	6.941124282600543	0	neutral
652	652	0	0	SATB2	11	0	282	198	0.056875635276827013	6.941124282600543	0	neutral
653	653	0	0	SATB2	10	0	283	198	0.056875635276827013	6.941124282600543	0	neutral
654	654	0	0	SATB2	3	0	290	198	0.056875635276827013	6.941124282600543	0	neutral
655	655	1	0	SATB2	3	0	290	198	0.27660335009767656	13.618237710747753	1	neutral
656	656	0	0	SATB2	2	0	291	198	0.27660335009767656	13.618237710747753	0	neutral
657	657	0	0	SATB2	2	0	291	198	0.27660335009767656	13.618237710747753	0	neutral
658	658	1	0	SATB2	2	0	291	198	0.27660335009767656	13.618237710747753	0	neutral
659	659	0	0	SATB2	2	0	291	198	0.27660335009767656	13.618237710747753	0	neutral
660	660	0	0	SATB2	2	1	291	197	1	1.353145093857036	1	neutral
661	661	0	0	SATB2	2	1	291	197	1	1.353145093857036	0	neutral
662	662	0	0	SATB2	2	1	291	197	1	1.353145093857036	0	neutral
663	663	0	0	SATB2	1	1	292	197	1	1.353145093857036	0	neutral
664	664	1	1	SATB2	2	1	291	197	1	1.353145093857036	0	neutral
665	665	0	0	SATB2	3	1	290	197	0.6512398262682185	2.0352565448038176	1	neutral
666	666	0	0	SATB2	3	1	290	197	0.6512398262682185	2.0352565448038176	0	neutral
667	667	0	0	SATB2	3	1	290	197	0.6512398262682185	2.0352565448038176	0	neutral
668	668	1	0	SATB2	3	1	290	197	0.6512398262682185	2.0352565448038176	0	neutral
669	669	1	0	SATB2	3	0	290	198	0.6512398262682185	2.0352565448038176	0	neutral
670	670	0	0	SATB2	3	1	290	197	0.6512398262682185	2.0352565448038176	1	neutral
671	671	0	0	SATB2	3	1	290	197	0.6512398262682185	2.0352565448038176	0	neutral
672	672	0	0	SATB2	3	1	290	197	0.6512398262682185	2.0352565448038176	0	neutral
673	673	1	0	SATB2	2	2	291	196	0.6512398262682185	2.0352565448038176	0	neutral
674	674	0	1	SATB2	2	4	291	194	0.6512398262682185	2.0352565448038176	0	neutral
675	675	0	0	SATB2	2	5	291	193	0.12401346427420148	0.26600648395030085	1	neutral
676	676	0	0	SATB2	2	6	291	192	0.12401346427420148	0.26600648395030085	0	PER
677	677	0	1	SATB2	2	6	291	192	0.12401346427420148	0.26600648395030085	0	PER
678	678	1	2	SATB2	1	6	292	192	0.12401346427420148	0.26600648395030085	0	PER
679	679	0	1	SATB2	1	7	292	191	0.12401346427420148	0.26600648395030085	0	PER
680	680	0	1	SATB2	2	7	291	191	0.03430622810039485	0.18814360584582057	1	PER
681	681	0	0	SATB2	2	7	291	191	0.03430622810039485	0.18814360584582057	0	PER
682	682	0	0	SATB2	2	7	291	191	0.03430622810039485	0.18814360584582057	0	PER
683	683	0	2	SATB2	1	5	292	193	0.03430622810039485	0.18814360584582057	0	PER
684	684	1	0	SATB2	1	4	292	194	0.03430622810039485	0.18814360584582057	0	PER
685	685	0	0	SATB2	1	3	292	195	0.30779072117194606	0.22326504738890654	1	neutral
686	686	0	1	SATB2	1	3	292	195	0.30779072117194606	0.22326504738890654	0	neutral
687	687	0	0	SATB2	1	3	292	195	0.30779072117194606	0.22326504738890654	0	neutral
688	688	0	0	SATB2	4	1	289	197	0.30779072117194606	0.22326504738890654	0	neutral
689	689	0	0	SATB2	3	1	290	197	0.30779072117194606	0.22326504738890654	0	neutral
690	690	0	0	SATB2	3	1	290	197	0.6512398262682185	2.0352565448038176	1	neutral
691	691	0	0	SATB2	3	0	290	198	0.6512398262682185	2.0352565448038176	0	neutral
692	692	3	0	SATB2	3	0	290	198	0.6512398262682185	2.0352565448038176	0	neutral
693	693	0	0	SATB2	4	0	289	198	0.6512398262682185	2.0352565448038176	0	neutral
694	694	0	0	SATB2	4	0	289	198	0.6512398262682185	2.0352565448038176	0	neutral
695	695	0	0	SATB2	4	0	289	198	0.15172452470749587	13.618237710747753	1	neutral
696	696	0	0	SATB2	4	0	289	198	0.15172452470749587	13.618237710747753	0	neutral
697	697	1	0	SATB2	1	0	292	198	0.15172452470749587	13.618237710747753	0	neutral
698	698	0	0	SATB2	2	1	291	197	0.15172452470749587	13.618237710747753	0	neutral
699	699	0	0	SATB2	2	2	291	196	0.15172452470749587	13.618237710747753	0	neutral
700	700	0	0	SATB2	2	2	291	196	1	0.6741122454588283	1	neutral
701	701	0	0	SATB2	2	3	291	195	1	0.6741122454588283	0	PER
702	702	1	1	SATB2	1	3	292	195	1	0.6741122454588283	0	PER
703	703	0	1	SATB2	1	5	292	193	1	0.6741122454588283	0	PER
704	704	0	0	SATB2	1	5	292	193	1	0.6741122454588283	0	PER
705	705	0	1	SATB2	1	5	292	193	0.041524997474686694	0.13270909123357352	1	PER
706	706	0	0	SATB2	1	6	292	192	0.041524997474686694	0.13270909123357352	0	PER
707	707	0	2	SATB2	0	5	293	193	0.041524997474686694	0.13270909123357352	0	PER
708	708	0	0	SATB2	0	6	293	192	0.041524997474686694	0.13270909123357352	0	PER
709	709	0	0	SATB2	0	6	293	192	0.041524997474686694	0.13270909123357352	0	PER
710	710	0	1	SATB2	0	5	293	193	0.010344002446282797	0	1	neutral
711	711	0	0	SATB2	0	5	293	193	0.010344002446282797	0	0	neutral
712	712	0	2	SATB2	0	3	293	195	0.010344002446282797	0	0	neutral
713	713	0	0	SATB2	0	3	293	195	0.010344002446282797	0	0	neutral
714	714	0	0	SATB2	0	3	293	195	0.010344002446282797	0	0	neutral
715	715	0	0	SATB2	0	2	293	196	0.16212643917037275	0	1	neutral
716	716	0	0	SATB2	0	3	293	195	0.16212643917037275	0	0	neutral
717	717	0	0	SATB2	0	1	293	197	0.16212643917037275	0	0	neutral
718	718	0	0	SATB2	0	1	293	197	0.16212643917037275	0	0	neutral
719	719	0	0	SATB2	0	2	293	196	0.16212643917037275	0	0	neutral
720	720	0	1	SATB2	0	5	293	193	0.010344002446282797	0	1	neutral
721	721	0	0	SATB2	0	7	293	191	0.010344002446282797	0	0	neutral
722	722	0	0	SATB2	0	8	293	190	0.010344002446282797	0	0	neutral
723	723	0	1	SATB2	0	9	293	189	0.010344002446282797	0	0	neutral
724	724	0	3	SATB2	0	11	293	187	0.010344002446282797	0	0	neutral
725	725	0	2	SATB2	0	11	293	187	3.868932555785206e-5	0	1	neutral
726	726	0	1	SATB2	0	13	293	185	3.868932555785206e-5	0	0	neutral
727	727	0	1	SATB2	0	13	293	185	3.868932555785206e-5	0	0	neutral
728	728	0	2	SATB2	0	13	293	185	3.868932555785206e-5	0	0	neutral
729	729	0	1	SATB2	0	10	293	188	3.868932555785206e-5	0	0	neutral
730	730	0	2	SATB2	0	8	293	190	6.417371039181961e-4	0	1	neutral
731	731	0	0	SATB2	0	7	293	191	6.417371039181961e-4	0	0	neutral
732	732	0	1	SATB2	0	6	293	192	6.417371039181961e-4	0	0	neutral
733	733	0	0	SATB2	0	4	293	194	6.417371039181961e-4	0	0	neutral
